void 119 1
main 134 1
( 203 1
) 204 1
{ 301 2
int 103 3
a 800 3
, 244 3
b 800 3
, 244 3
c 800 3
, 244 3
d 800 3
, 244 3
g 800 3
, 244 3
f 800 3
; 303 3
c 800 4
= 233 4
5 500 4
* 216 4
6 500 4
+ 218 4
1 500 4
; 303 4
char 107 5
m 800 5
= 233 5
'p' 600 5
; 303 5
scanf 133 6
( 203 6
"%d" 700 6
, 244 6
& 228 6
g 800 6
) 204 6
; 303 6
if 120 7
( 203 7
a 800 7
<= 225 7
b 800 7
|| 232 7
c 800 7
< 224 7
d 800 7
&& 231 7
g 800 7
< 224 7
f 800 7
) 204 7
{ 301 8
int 103 9
k 800 9
= 233 9
5 500 9
; 303 9
a 800 10
= 233 10
b 800 10
; 303 10
} 302 11
else 121 12
{ 301 13
b 800 14
= 233 14
c 800 14
; 303 14
} 302 15
c 800 16
= 233 16
3 500 16
; 303 16
while 126 17
( 203 17
c 800 17
!= 227 17
0 500 17
) 204 17
{ 301 18
c 800 19
= 233 19
c 800 19
- 219 19
1 500 19
; 303 19
} 302 20
for 124 21
( 203 21
a 800 21
= 233 21
0 500 21
; 303 21
a 800 21
< 224 21
5 500 21
; 303 21
a 800 21
++ 207 21
) 204 21
{ 301 22
c 800 23
= 233 23
c 800 23
+ 218 23
1 500 23
; 303 23
} 302 24
c 800 25
= 233 25
d 800 25
; 303 25
printf 144 26
( 203 26
"%d" 700 26
, 244 26
g 800 26
) 204 26
; 303 26
} 302 27
# 100 27